From cache: True
Created: 2022-07-26 18:02:11.099576
Expires: 2022-07-27 18:02:11.099461
